Google Flu Trends - United States
Copyright 2014 Google Inc.

Use subject to Terms of Service (https://www.google.com/accounts/TOS).
If you choose to use the data, please attribute it to Google as follows:
"Data Source: Google Flu Trends (https://www.google.org/flutrends)".

United States Weekly ILI Percentages, 2003-2004 through 2013-2014
Each week begins on the Sunday indicated for the row.
For more information, please visit https://www.google.org/flutrends.

Historic estimates generated using the Google Flu Trends model released
in October 2014. The model update only affected US national and regional
estimates.

"Date","United States","HHS Region 1 (CT, ME, MA, NH, RI, VT)","HHS Region 2 (NJ, NY)","HHS Region 3 (DE, DC, MD, PA, VA, WV)","HHS Region 4 (AL, FL, GA, KY, MS, NC, SC, TN)","HHS Region 5 (IL, IN, MI, MN, OH, WI)","HHS Region 6 (AR, LA, NM, OK, TX)","HHS Region 7 (IA, KS, MO, NE)","HHS Region 8 (CO, MT, ND, SD, UT, WY)","HHS Region 9 (AZ, CA, HI, NV)","HHS Region 10 (AK, ID, OR, WA)"
2003-09-28,1.025,0.47,1.595,1.258,0.852,0.83,1.526,0.764,0.633,1.738,0.588
2003-10-05,0.964,0.638,0.99,1.643,0.991,0.839,1.763,1.03,0.245,0.632,1.118
2003-10-12,1.142,0.681,1.068,1.431,0.936,1.016,2.095,1.344,1.074,0.561,0.192
2003-10-19,1.392,0.651,1.329,1.079,0.969,1.083,2.616,1.097,0.783,1.935,1.352
2003-10-26,1.445,0.623,1.328,0.875,1.089,1.129,4.867,1.324,1.144,1.46,1.541
2003-11-02,1.908,0.886,1.475,2.011,1.298,1.184,7.665,1.338,1.026,1.038,2.091
2003-11-09,2.793,0.755,1.405,2.41,1.746,1.364,8.848,1.424,2.339,1.505,2.661
2003-11-16,3.166,1.285,2.021,3.664,1.975,2.272,9.92,1.732,3.995,2.383,4.643
2003-11-23,4.038,1.511,1.966,4.012,2.283,2.835,8.844,3.444,5.356,4.381,6.375
2003-11-30,5.279,2.158,2.502,4.809,3.561,4.073,8.103,4.645,5.592,6.091,7.294
2003-12-07,7.236,3.861,3.575,6.113,5.516,6.669,8.872,8.713,5.323,8.025,7.065
2003-12-14,8.556,5.502,5.315,7.067,6.927,9.345,9.028,10.404,4.597,8.41,6.583
2003-12-21,7.915,6.724,6.017,7.42,7.279,10.294,8.955,9.598,4.45,8.302,5.51
2003-12-28,5.255,5.111,4.501,5.629,4.947,6.693,6.198,5.156,2.601,6.504,3.074
2004-01-04,3.231,3.247,2.79,3.617,3.087,3.495,4.031,2.731,2.561,4.04,2.34
2004-01-11,2.399,2.488,2.36,3.228,2.207,2.471,3.819,1.559,1.969,2.82,1.866
2004-01-18,1.808,1.68,1.888,2.534,1.856,1.839,3.346,1.321,1.767,2.142,1.343
2004-01-25,1.838,1.191,1.862,2.435,1.588,1.821,2.75,1.642,1.706,2.283,2.087
2004-02-01,1.677,0.999,1.603,2.325,1.393,1.412,2.441,0.966,1.349,2.072,1.753
2004-02-08,1.441,0.7,1.176,1.873,1.421,1.476,2.221,1.151,1.025,1.313,1.788
2004-02-15,1.379,0.512,1.724,1.748,1.048,1.435,1.616,0.937,1.533,1.761,0.893
2004-02-22,1.253,0.535,1.91,1.832,0.939,0.948,1.829,1.352,0.721,1.467,1.151
2004-02-29,0.944,0.355,1.175,1.508,0.675,0.924,0.807,0.762,0.642,0.896,0.502
2004-03-07,1.028,0.446,1.231,1.787,0.842,0.784,0.991,1.157,1.109,1.217,0.915
2004-03-14,0.938,0.333,1.394,1.666,0.789,1.005,1.007,0.723,0.788,0.713,0.899
2004-03-21,1.055,0.435,1.053,1.663,0.636,0.838,0.883,0.588,0.656,1.624,1.021
2004-03-28,0.788,0.405,1.653,1.622,0.581,0.737,0.73,0.454,0.871,1.02,-0.171
2004-04-04,0.699,0.296,1.236,1.544,0.379,0.487,0.576,0.512,0.257,0.636,0.287
2004-04-11,0.648,0.241,1.133,1.265,0.563,0.677,0.283,0.47,0.438,0.508,0.132
2004-04-18,0.64,0.204,1.249,1.4,0.355,0.408,0.779,0.26,0.427,0.618,1.194
2004-04-25,0.637,0.399,1.349,1.12,0.577,0.532,0.615,0.702,0.303,0.368,-0.16
2004-05-02,0.52,0.157,0.808,1.24,0.283,0.512,0.391,0.364,0.158,0.652,0.417
2004-05-09,0.579,0.195,1.042,1.12,0.362,0.578,0.813,1.19,0.298,0.1,0.3
2004-05-16,0.593,0.254,0.945,1.209,0.549,0.558,0.237,0.486,0.122,0.732,0.752
2004-05-23,0.733,0.278,1.374,1.393,0.57,0.446,0.353,0.72,-0.037,0.623,0.02
2004-05-30,0.688,0.198,1.383,0.872,0.571,0.689,0.582,0.534,0.717,0.591,0.532
2004-06-06,0.757,0.019,1.282,0.905,0.392,0.604,0.395,0.276,0.382,1.185,0.978
2004-06-13,0.848,0.113,1.396,1.001,0.286,0.649,0.404,1.232,0.322,1.384,0.502
2004-06-20,0.593,0.09,0.985,0.791,0.345,0.535,0.908,0.596,0.158,1.186,0.164
2004-06-27,0.464,0.177,0.602,0.937,0.279,0.584,0.356,0.398,0.324,0.365,0.269
2004-07-04,0.36,0.027,0.335,0.9,0.293,0.351,0.305,0.831,0.116,0.347,0.013
2004-07-11,0.517,0.121,0.829,0.891,0.309,0.47,1.486,0.267,0.313,0.227,0.126
2004-07-18,0.599,-0.002,1.205,1.023,0.342,0.489,0.892,0.338,0.095,0.295,0.08
2004-07-25,0.507,0.097,1.204,0.431,0.275,0.383,1.447,0.659,0.408,0.423,0.229
2004-08-01,0.618,0.065,1.594,0.64,0.44,0.516,0.788,0.563,0.301,0.217,0.231
2004-08-08,0.507,0.141,1,1.389,0.231,0.225,0.86,0.538,0.342,0.49,0.051
2004-08-15,0.564,0.092,0.886,1.602,0.415,0.421,0.563,0.795,0.46,0.064,0.378
2004-08-22,0.635,0.366,0.775,1.158,0.551,0.598,1.668,0.631,0.51,0.557,0.589
2004-08-29,0.716,0.111,0.902,1.059,0.332,0.615,1.213,0.624,1.623,0.316,0.012
2004-09-05,0.671,0.095,0.646,1.909,0.458,0.745,1.388,0.779,0.083,0.441,0.161
2004-09-12,0.688,0.144,1.486,1.474,0.426,0.531,0.911,0.596,0.414,0.365,0.049
2004-09-19,0.77,0.261,1.318,1.685,0.427,0.555,1.529,1.048,0.215,0.991,0.535
2004-09-26,0.787,0.25,1.035,1.485,0.59,0.703,1.004,0.682,0.293,0.741,-0.037
2004-10-03,0.883,0.289,1.081,1.385,0.681,0.558,1.458,0.978,0.543,0.657,0.853
2004-10-10,1.236,0.406,1.487,1.762,0.864,1.106,1.044,0.568,0.645,1.2,0.894
2004-10-17,1.206,0.534,1.162,2.25,0.811,0.999,1.235,0.976,0.916,0.762,1.132
2004-10-24,1.082,0.688,1.222,2.6,1.232,1.023,1.911,0.722,0.804,1.336,1.449
2004-10-31,1.407,0.323,1.387,2.155,1.036,1.155,1.055,0.621,0.897,1.892,1.229
2004-11-07,1.35,0.724,0.999,2.784,0.922,1.188,2.39,0.924,1.234,1.049,1.215
2004-11-14,1.42,0.523,1.581,2.372,1.493,1.309,0.606,0.851,0.894,1.751,1.188
2004-11-21,1.443,0.496,1.827,2.418,1.073,0.972,1.788,1.207,0.963,2.198,1.69
2004-11-28,1.784,0.672,1.72,2.603,1.506,1.827,2.214,1.425,0.986,2.481,1.63
2004-12-05,1.632,0.954,1.925,3.048,1.398,1.049,1.948,0.468,0.854,1.654,1.817
2004-12-12,1.846,1.119,2.509,2.86,1.619,1.167,2.05,1.257,0.967,2.415,1.257
2004-12-19,2.253,1.497,3.588,3.727,1.563,1.687,2.3,1.332,1.337,2.538,2.109
2004-12-26,2.886,2.136,4.192,4.079,1.914,2.117,2.578,1.967,1.469,4.217,1.7
2005-01-02,2.546,2.157,3.234,3.792,1.437,2.186,2.262,1.428,1.425,3.588,1.805
2005-01-09,2.17,1.714,3.408,3.453,1.308,1.855,2.419,1.422,1.722,3.051,2.03
2005-01-16,2.803,1.951,3.155,3.645,1.494,2.508,3.371,1.594,1.779,4.279,2.588
2005-01-23,3.264,1.96,3.197,4.651,1.951,3.255,3.6,3.08,2.487,3.912,2.892
2005-01-30,4.035,2.155,3.713,5.594,3.453,4.285,6.35,3.672,2.658,4.83,2.924
2005-02-06,5.015,2.27,3.776,6.389,3.775,4.955,7.686,4.514,3.04,4.382,3.155
2005-02-13,5.18,2.213,3.577,7.378,4.13,5.786,8.274,4.374,3.304,4.606,3.736
2005-02-20,4.946,1.714,3.45,6.328,3.857,5.386,6.755,3.577,3.051,4.535,3.788
2005-02-27,3.788,1.094,3.508,4.7,3.463,4.476,5.326,2.968,2.713,3.686,3.706
2005-03-06,3.226,1.134,3.281,4.002,3.483,3.482,4.188,1.956,2.22,3.099,2.685
2005-03-13,3.038,0.996,2.715,4.134,2.772,3.267,3.599,1.525,1.716,2.543,1.863
2005-03-20,2.384,0.868,2.708,3.248,2.637,2.479,2.545,1.215,1.527,2.866,1.815
2005-03-27,2.161,0.643,1.976,3.012,2.129,2.161,2.212,0.919,1.276,2.731,1.247
2005-04-03,1.635,0.802,1.81,2.276,1.013,1.468,2.29,0.498,1.125,1.919,0.862
2005-04-10,1.309,0.477,1.479,1.641,1.116,1.272,1.515,0.658,0.786,2.385,0.605
2005-04-17,1.314,0.267,1.356,1.566,1.212,0.868,1.189,0.159,1.089,2.503,0.781
2005-04-24,1.18,0.217,1.275,1.898,1.165,1.149,1.559,0.16,0.475,1.603,0.368
2005-05-01,1.178,0.347,1.222,1.372,1.256,0.806,1.283,0.065,0.59,1.881,0.6
2005-05-08,1.141,0.267,1.201,1.99,0.748,0.684,1.199,0.525,0.596,1.938,0.172
2005-05-15,1.17,0.197,1.064,1.689,0.962,0.576,1.928,0.169,0.517,2.204,1.059
2005-05-22,1.14,0.297,0.867,1.612,0.995,0.613,1.032,0.045,0.519,2.396,0.665
2005-05-29,1.086,0.395,0.653,1.114,0.864,0.986,1.603,0.035,0.134,2.418,1.001
2005-06-05,1.185,0.271,0.984,1.197,0.784,0.659,1.648,0.068,0.441,2.409,1.244
2005-06-12,1.078,0.387,1.218,1.201,0.808,0.655,1.737,-0.014,0.4,2.087,0.542
2005-06-19,0.99,0.383,1.046,1.071,0.889,0.475,1.222,0.105,0.489,2.178,0.127
2005-06-26,0.877,0.628,0.609,0.946,0.738,0.73,1.289,0.372,0.133,1.459,0.365
2005-07-03,0.913,0.355,0.987,1.326,0.653,0.52,1.356,-0.009,0.223,1.84,0.338
2005-07-10,0.763,0.352,0.46,0.735,0.658,0.786,1.018,-0.082,-0.04,1.576,0.654
2005-07-17,0.722,0.308,0.635,0.92,0.504,0.53,1.079,0.012,0.061,1.021,0.385
2005-07-24,0.825,0.258,0.97,1.168,0.288,0.728,1.041,0.117,0.233,1.635,0.2
2005-07-31,0.724,0.213,0.569,1.221,0.339,0.56,1.273,0.159,-0.001,1.343,0.383
2005-08-07,0.763,0.185,0.921,1.367,0.511,0.587,0.719,-0.109,0.18,1.589,0.436
2005-08-14,0.721,0.704,0.725,1.002,0.577,0.648,1.171,0.008,0.046,1.015,0.013
2005-08-21,0.809,1.399,0.535,1.031,0.546,0.651,0.827,0.215,0.048,1.338,0.375
2005-08-28,0.69,0.573,0.206,0.966,0.554,0.599,1.475,-0.184,0.106,1.192,0.257
2005-09-04,0.988,0.227,0.657,1.513,0.624,0.659,2.628,0.105,0.25,1.153,0.523
2005-09-11,0.94,0.339,0.938,1.314,0.582,0.675,1.663,0.166,0.034,2.068,0.515
2005-09-18,0.913,0.339,0.908,1.61,0.597,0.515,2.096,0.102,-0.01,1.263,0.813
2005-09-25,1.079,0.686,1.076,1.753,0.517,0.637,1.812,0.52,0.383,1.53,0.819
2005-10-02,1.063,0.34,1.66,1.741,0.936,0.917,1.745,0.099,0.82,1.075,0.853
2005-10-09,1.302,0.663,1.854,2.015,0.674,1.174,0.886,0.656,0.858,2.085,1.061
2005-10-16,1.288,0.795,2.059,2.075,0.817,1.203,1.225,0.231,1.123,1.798,1.127
2005-10-23,1.347,0.709,2.436,1.985,0.963,1.287,1.604,0.251,0.881,1.344,0.958
2005-10-30,1.516,0.817,2.736,1.915,1.102,1.433,0.882,0.203,0.61,1.692,1.171
2005-11-06,1.567,0.838,2.185,2.775,0.992,1.436,2.282,0.501,0.702,2.103,1.135
2005-11-13,1.524,0.799,1.924,1.779,1.177,1.366,1.557,0.159,0.955,1.969,0.515
2005-11-20,1.702,0.754,2.216,2.49,1.261,1.53,2.192,0.696,1.064,3.139,1.216
2005-11-27,1.91,1.262,2.092,2.472,1.319,1.527,2.432,0.324,0.901,3.036,0.549
2005-12-04,1.839,0.709,2.548,2.23,1.208,1.694,2.132,0.881,1.061,3.159,1.671
2005-12-11,2.299,1.395,2.429,2.443,1.648,1.525,2.841,0.491,1.345,4.934,1.39
2005-12-18,2.922,0.984,3.259,2.506,1.697,1.786,4.047,0.334,2.147,6.502,1.963
2005-12-25,3.523,1.209,2.372,3.378,1.979,2.509,5.642,0.901,2.927,6.91,2.431
2006-01-01,2.821,1.262,2.578,3.062,1.551,1.777,4.939,0.787,1.943,4.033,2.341
2006-01-08,2.179,1.094,1.722,3.059,1.638,2.052,4.487,0.643,1.551,2.892,1.931
2006-01-15,2.284,0.95,2.553,3.76,1.646,1.866,4.84,1.548,1.625,1.698,1.968
2006-01-22,2.554,1.158,1.815,3.835,1.754,2.262,5.877,1.763,1.208,2.668,1.778
2006-01-29,2.477,1.364,2.455,3.218,2.546,1.956,4.912,2.11,1.422,2.376,1.877
2006-02-05,2.633,1.657,2.273,3.383,2.435,2.506,3.954,2.422,1.492,2.196,1.634
2006-02-12,2.726,1.872,2.776,3.619,3.306,2.309,5.177,2.526,1.488,1.51,1.619
2006-02-19,3.25,2.098,2.322,4.066,3.766,3.208,5.09,2.393,1.626,2.342,1.591
2006-02-26,3.008,1.952,1.854,3.993,3.157,3.051,4.69,2.161,1.896,1.683,1.765
2006-03-05,3.009,2.085,2.565,5.264,2.836,3.232,5.209,1.949,1.436,1.491,1.833
2006-03-12,2.834,2.073,1.543,4.934,1.928,3.197,3.856,0.859,1.871,2.405,1.866
2006-03-19,2.319,1.705,1.522,4.361,1.61,2.62,2.879,1.173,1.506,2.275,1.942
2006-03-26,2.217,1.591,1.255,4.035,1.205,2.223,3.3,1.203,1.209,2.445,1.826
2006-04-02,1.997,1.368,1.524,3.248,1.347,1.989,2.648,0.662,1.183,2.343,2.03
2006-04-09,1.651,1.377,1.167,2.062,1.112,1.606,2.773,0.468,1.088,1.915,1.298
2006-04-16,1.257,1.066,1.001,1.7,0.705,0.968,2.296,0.22,0.852,1.571,1.859
2006-04-23,1.151,0.855,1.653,1.654,0.569,0.795,2.06,0.298,0.373,1.258,2.735
2006-04-30,1.089,0.562,1.183,1.323,0.73,0.892,1.765,0.35,0.601,1.211,2.478
2006-05-07,1.026,0.547,1.221,1.353,0.648,0.854,1.686,0.264,0.45,0.923,1.659
2006-05-14,1.025,0.515,1.251,1.502,0.812,0.775,1.725,0.41,0.143,1.04,1.107
2006-05-21,0.994,0.291,1.049,1.476,0.757,0.698,1.825,0.305,0.534,1.083,1.124
2006-05-28,0.919,0.315,1.209,1.156,0.648,0.781,1.883,0.282,0.325,1.034,1.279
2006-06-04,0.851,0.344,1.08,1.414,0.676,0.478,2.297,0.282,0.175,0.377,0.69
2006-06-11,0.803,0.201,0.38,1.125,0.596,0.413,1.806,0.41,0.603,0.896,0.849
2006-06-18,0.757,0.319,1.07,0.842,0.545,0.717,1.416,0.311,0.362,0.73,1.012
2006-06-25,0.694,0.226,0.624,0.743,0.5,0.533,1.516,0.348,0.276,0.855,1.001
2006-07-02,0.748,0.351,0.433,1.066,0.417,0.552,1.452,0.218,0.181,0.934,0.554
2006-07-09,0.735,0.299,0.607,1.019,0.404,0.552,1.564,0.432,0.402,1.134,0.498
2006-07-16,0.717,0.107,0.818,0.793,0.462,0.483,1.246,0.34,1.058,0.997,0.968
2006-07-23,0.646,0.34,0.168,0.842,0.538,0.526,1.157,0.492,1.596,0.804,0.815
2006-07-30,0.589,0.192,0.333,0.795,0.437,0.47,1.233,0.417,1.213,0.684,0.562
2006-08-06,0.658,0.214,0.304,0.888,0.445,0.559,1.458,0.506,1.689,0.676,0.485
2006-08-13,0.712,0.377,0.383,0.918,0.437,0.448,1.344,0.438,1.424,0.788,0.798
2006-08-20,0.635,0.132,0.358,0.676,0.368,0.536,1.717,0.383,1.591,0.458,0.727
2006-08-27,0.663,0.161,0.145,0.829,0.471,0.559,1.563,0.373,0.75,0.72,1.071
2006-09-03,0.726,0.249,0.29,1.264,0.489,0.687,2.059,0.555,0.475,0.476,0.775
2006-09-10,0.877,0.267,0.362,1.311,0.554,0.731,2.106,0.649,0.289,1.094,1.013
2006-09-17,0.839,0.219,0.546,1.182,0.543,0.791,1.823,0.3,0.068,0.853,1.251
2006-09-24,0.874,0.211,0.212,0.982,0.572,0.622,1.856,0.078,0.332,1.303,1.302
2006-10-01,0.872,0.432,0.534,1.125,0.428,0.737,1.733,0.646,0.579,1.283,1.127
2006-10-08,1.234,0.443,0.747,2.106,0.979,1.101,1.339,0.3,1.685,1.213,1.18
2006-10-15,1.221,0.41,0.815,2.07,1.04,1.204,1.819,0.739,0.777,1.656,1.713
2006-10-22,1.286,0.57,0.899,2.063,0.932,1.221,2.186,0.91,0.54,1.291,0.719
2006-10-29,1.329,0.605,0.975,2.219,1.248,1.317,2.423,0.463,0.4,1.422,1.046
2006-11-05,1.395,0.709,0.664,2.059,1.286,1.203,2.395,0.567,0.435,1.637,0.859
2006-11-12,1.598,0.573,0.668,1.844,1.572,1.535,3.439,0.606,0.388,1.823,0.719
2006-11-19,1.62,0.573,1.333,2.183,1.593,1.327,3.244,0.734,0.674,1.33,1.108
2006-11-26,1.985,0.877,1.95,2.499,1.946,1.436,4.146,1.025,0.557,1.526,1.46
2006-12-03,1.943,0.679,2.296,2.716,1.976,1.549,3.18,1.096,0.667,1.946,1.68
2006-12-10,2.231,1.024,2.112,2.544,2.901,1.666,3.646,1.438,0.407,1.515,1.223
2006-12-17,2.834,1.267,2.273,2.92,3.739,2.339,5.318,2.412,0.596,2.34,2.16
2006-12-24,3.252,1.369,3.164,3.509,3.73,2.713,5.367,2.591,1.244,3.094,2.588
2006-12-31,2.651,1.428,2.574,3.563,2.184,2.319,4.752,2.146,0.965,2.43,1.577
2007-01-07,2.045,1.013,2.064,2.431,1.35,1.976,3.423,1.727,0.523,2.314,1.512
2007-01-14,2.195,1.251,1.28,2.221,1.658,2.065,3.914,1.939,0.712,2.978,2.827
2007-01-21,2.577,1.524,2,2.085,2.095,2.356,4.601,2.037,0.675,3.247,4.044
2007-01-28,2.988,0.928,2.212,2.589,2.075,2.725,6.491,2.419,1.203,3.401,3.116
2007-02-04,3.379,1.519,2.047,2.749,2.479,3.599,6.703,2.885,1.37,3.674,4.049
2007-02-11,3.567,1.624,2.202,2.849,2.666,3.243,7.162,2.656,1.53,4.129,5.465
2007-02-18,3.431,1.64,2.179,2.559,2.745,3.074,6.866,2.457,1.567,3.512,4.74
2007-02-25,2.976,1.75,2.074,2.287,2.658,2.961,6.515,2.177,1.624,2.54,3.617
2007-03-04,2.654,1.534,1.972,2.71,1.783,2.748,4.501,1.652,1.375,2.316,3.37
2007-03-11,2.358,1.424,2.007,2.602,1.809,2.508,4.535,0.788,1.406,2.626,1.554
2007-03-18,2.244,1.662,2.278,2.504,1.568,2.413,3.49,1.233,1.135,1.886,2.397
2007-03-25,1.749,1.399,1.675,2.127,1.119,2.111,2.413,0.713,1.088,1.693,2.771
2007-04-01,1.588,1.398,1.808,2.152,0.841,1.335,2.506,0.566,0.735,1.377,3.986
2007-04-08,1.323,1.161,1.805,1.884,0.836,1.353,2.405,0.767,0.719,1.238,0.702
2007-04-15,1.308,0.956,1.118,1.787,0.787,1.112,2.78,0.483,0.448,1.47,0.397
2007-04-22,1.081,0.772,0.923,1.411,0.725,0.999,1.986,0.479,0.415,1.202,0.537
2007-04-29,0.979,0.548,0.812,1.285,0.699,0.916,2.027,0.508,0.241,1.183,0.828
2007-05-06,0.919,0.541,0.828,1.351,0.652,0.836,1.911,0.585,0.146,1.175,0.498
2007-05-13,1.002,0.369,0.472,1.87,0.588,0.753,1.804,0.28,0.278,1.108,0.961
2007-05-20,0.921,0.191,0.871,1.59,0.43,0.841,1.917,0.258,0.198,1.057,0.815
2007-05-27,0.937,0.178,0.817,1.734,0.494,0.814,1.772,0.227,0.193,1.099,1.056
2007-06-03,0.855,0.338,0.849,1.545,0.4,0.74,1.631,0.185,0.237,1.116,1.034
2007-06-10,0.739,0.387,0.6,1.232,0.444,0.63,1.603,0.222,0.173,1.006,0.61
2007-06-17,0.809,0.386,0.804,1.61,0.297,0.54,1.281,0.042,0.301,1.01,0.744
2007-06-24,0.747,0.524,0.572,1.362,0.367,0.514,1.514,0.255,0.102,1.069,0.34
2007-07-01,0.772,0.436,0.521,1.397,0.32,0.709,1.593,0.331,0.25,0.816,0.267
2007-07-08,0.65,0.471,0.696,1.367,0.302,0.443,1.351,0.268,0.171,0.681,0.764
2007-07-15,0.603,0.726,0.338,1.626,0.377,0.425,1.045,0.292,0.189,0.365,0.656
2007-07-22,0.606,0.423,0.423,1.271,0.351,0.461,1.399,0.168,0.217,0.546,0.451
2007-07-29,0.65,0.174,0.335,1.435,0.384,0.486,1.494,0.306,0.213,0.44,0.719
2007-08-05,0.568,0.4,0.44,1.169,0.28,0.321,1.477,0.171,0.203,0.625,0.491
2007-08-12,0.679,0.165,0.321,1.228,0.369,0.54,1.689,0.165,0.102,0.7,0.557
2007-08-19,0.692,0.281,0.386,1.172,0.444,0.455,1.485,0.366,0.099,0.761,0.791
2007-08-26,0.865,0.23,0.663,1.395,0.379,0.514,1.697,0.235,0.161,1.36,0.518
2007-09-02,0.893,0.44,0.44,1.717,0.582,0.631,1.868,0.298,0.16,1.333,0.521
2007-09-09,0.959,0.456,0.216,2.789,0.537,0.864,1.468,0.266,0.281,1.075,0.893
2007-09-16,1.035,0.19,0.398,2.183,0.426,0.875,2.137,0.393,0.223,1.445,0.812
2007-09-23,1.019,0.433,0.404,1.66,0.509,0.751,2.177,0.656,0.265,1.369,1.031
2007-09-30,1.146,0.446,0.524,1.931,0.403,1.075,2.29,0.321,0.159,1.568,1.046
2007-10-07,1.04,0.724,0.952,1.283,1.057,0.851,2.34,0.409,0.492,1.1,0.42
2007-10-14,1.276,0.688,0.976,1.148,1.189,1.107,2.732,0.357,0.76,1.208,1.029
2007-10-21,1.371,0.783,1.212,1.387,0.999,1.115,3.192,0.798,0.963,1.404,1.237
2007-10-28,1.5,1.033,1.326,1.397,1.263,1.173,3.399,0.813,0.942,1.422,1.297
2007-11-04,1.536,0.98,1.268,1.25,1.298,1.247,3.703,0.652,1.086,1.444,2.217
2007-11-11,1.608,0.897,1.396,1.492,1.336,1.258,3.597,0.473,1.183,1.473,1.82
2007-11-18,1.679,0.859,1.571,1.379,1.692,1.395,3.49,1.195,1.203,1.331,2.311
2007-11-25,1.91,0.982,1.803,2.052,1.735,1.438,3.971,0.478,0.994,1.703,2.113
2007-12-02,1.643,1.019,1.728,1.574,1.438,1.281,3.587,0.877,1.145,1.434,1.601
2007-12-09,1.733,1.175,1.739,1.867,1.418,1.411,3.485,0.89,0.986,1.586,2.837
2007-12-16,1.94,0.933,2.181,1.753,1.524,1.547,3.407,1.502,0.986,2.526,3.246
2007-12-23,2.329,1.185,1.775,2.524,2.009,2.146,3.374,1.482,1.692,2.668,2.716
2007-12-30,2.454,1.313,2.049,2.793,1.931,1.972,4.511,1.658,1.204,3.469,2.571
2008-01-06,2.362,1.275,1.935,2.695,1.591,1.746,3.658,1.244,0.984,3.386,1.514
2008-01-13,2.411,1.322,1.974,2.457,1.45,2.07,5.368,1.45,0.931,3.062,3.016
2008-01-20,3.325,1.435,2.102,2.783,2.384,3.194,6.005,2.085,1.231,4.116,4.53
2008-01-27,4.784,1.827,2.398,4.269,3.397,4.552,9.063,3.498,1.542,4.753,8.098
2008-02-03,5.857,2.604,3.983,4.537,6.034,5.144,9.671,4.54,2.418,4.861,7.011
2008-02-10,5.901,3.501,3.891,4.354,6.259,5.475,9.486,5.73,2.67,5.856,6.333
2008-02-17,5.977,3.917,4.419,4.843,5.543,5.408,8.371,6.108,3.429,5.313,6.674
2008-02-24,4.743,3.118,3.476,3.759,5.074,4.604,7.124,6.053,3.111,3.663,5.693
2008-03-02,3.772,2.787,3.269,3.75,4.137,4.283,5.765,4.549,2.806,3.087,4.772
2008-03-09,3.097,2.341,2.643,2.891,3.119,3.538,4.818,3.666,2.517,2.654,3.504
2008-03-16,2.552,2.059,2.881,2.479,2.14,2.781,3.823,2.863,1.598,2.014,2.726
2008-03-23,2.214,1.633,2.483,2.083,1.617,2.414,3.634,1.685,1.391,1.903,2.627
2008-03-30,1.623,1.196,2.184,1.653,1.31,1.666,2.737,1.133,0.961,1.285,1.153
2008-04-06,1.344,0.932,1.721,1.329,1.034,1.339,2.323,1.441,0.773,1.291,1.475
2008-04-13,1.097,0.823,1.644,1.535,1.089,1.152,2.121,0.963,0.634,0.725,0.648
2008-04-20,1.079,0.712,1.1,1.271,0.952,1.075,1.843,0.956,0.691,1.124,0.342
2008-04-27,0.913,0.699,1.069,1.197,0.816,0.717,1.416,0.752,0.381,1.023,1.178
2008-05-04,0.793,0.524,0.732,1.071,0.712,0.778,1.036,0.533,0.287,0.692,1.497
2008-05-11,0.797,0.346,0.851,0.846,0.656,0.634,1.448,0.648,0.303,0.83,1.263
2008-05-18,0.786,0.35,0.99,1.097,0.666,0.625,1.16,0.514,0.43,0.695,0.793
2008-05-25,0.808,0.414,0.864,1.006,0.668,0.656,1.443,0.243,0.191,0.899,0.862
2008-06-01,0.846,0.396,0.936,0.785,0.548,1.057,1.701,0.534,0.212,0.685,0.793
2008-06-08,0.708,0.465,1.128,0.856,0.358,0.636,1.166,0.484,0.315,0.62,0.526
2008-06-15,0.661,0.353,0.85,0.568,0.432,0.404,1.476,0.597,0.231,0.845,0.742
2008-06-22,0.646,0.408,0.694,0.454,0.297,0.694,1.363,0.408,0.268,0.578,0.753
2008-06-29,0.651,0.562,0.827,0.658,0.434,0.478,1.492,0.554,0.29,0.557,0.463
2008-07-06,0.532,0.36,0.738,0.58,0.353,0.389,1.011,0.676,0.215,0.504,0.476
2008-07-13,0.509,0.308,0.594,0.461,0.259,0.415,1.351,0.624,0.274,0.685,0.595
2008-07-20,0.631,0.168,0.754,0.501,0.286,0.589,1.525,0.509,0.217,0.479,0.591
2008-07-27,0.577,0.567,0.503,0.731,0.339,0.482,1.35,0.627,0.193,0.511,0.68
2008-08-03,0.587,0.428,0.671,0.633,0.324,0.46,1.152,0.538,0.277,0.453,1.139
2008-08-10,0.596,0.237,0.591,0.591,0.383,0.624,1.574,0.683,0.209,0.281,0.639
2008-08-17,0.611,0.231,0.511,0.572,0.611,0.514,1.447,0.639,0.182,0.38,0.318
2008-08-24,0.54,0.381,0.599,0.363,0.41,0.549,1.186,0.301,0.267,0.547,0.52
2008-08-31,0.566,0.426,0.678,0.643,0.461,0.586,0.798,0.268,0.348,0.504,0.721
2008-09-07,0.629,0.256,0.653,0.773,0.509,0.595,1.441,0.645,0.204,0.578,0.324
2008-09-14,0.754,0.397,0.709,0.64,0.534,0.647,2.018,0.89,0.548,0.495,0.665
2008-09-21,0.913,0.389,0.863,0.804,0.773,0.528,2.252,0.64,0.347,0.485,1.344
2008-09-28,0.935,0.384,0.992,0.803,0.737,0.683,1.581,0.207,0.388,0.863,2.003
2008-10-05,1.178,0.477,0.873,1.458,1.086,0.777,2.062,0.625,0.299,1.168,1.566
2008-10-12,1.031,0.715,0.965,1.431,0.975,0.678,1.875,0.291,0.432,1.234,1.176
2008-10-19,1.031,0.435,0.992,1.144,1.064,0.616,1.412,0.652,0.461,1.65,1.485
2008-10-26,1.147,0.622,0.978,1.388,1.185,0.77,1.827,0.473,0.529,1.377,1.58
2008-11-02,1.197,0.673,0.893,1.699,1.343,0.709,2.496,0.2,0.508,0.977,1.827
2008-11-09,1.229,0.782,1.245,1.964,1.193,0.83,2.006,0.307,0.516,1.009,1.815
2008-11-16,1.219,0.847,1.331,1.921,1.47,0.936,1.415,0.459,0.478,1.267,1.646
2008-11-23,1.167,0.781,1.394,1.778,1.393,0.737,1.982,0.671,0.237,1.078,1.324
2008-11-30,1.524,1.018,1.637,2.119,1.656,1.132,1.985,0.396,0.276,1.075,1.845
2008-12-07,1.412,0.902,1.754,1.652,1.534,1.097,2.087,0.329,0.475,1.378,1.888
2008-12-14,1.458,0.942,1.862,2.129,1.771,1.02,1.944,0.401,0.427,1.294,1.609
2008-12-21,1.651,1.138,1.851,1.976,1.493,1.439,3.046,0.603,0.43,1.879,1.985
2008-12-28,1.79,0.977,1.906,2.22,1.741,1.257,2.761,0.878,0.485,2.109,1.497
2009-01-04,1.889,0.972,1.815,2.07,1.281,1.079,3.28,0.194,0.603,2.663,2.266
2009-01-11,1.577,0.747,1.665,1.871,1.226,0.957,2.947,0.319,0.116,2.203,1.431
2009-01-18,1.809,0.855,1.955,2.132,1.611,1.255,3.92,0.568,0.704,2.157,1.378
2009-01-25,2.356,1.584,2.435,2.262,1.975,1.65,4.789,0.721,0.526,2.932,2.327
2009-02-01,2.876,2.312,2.704,2.583,2.321,1.789,5.674,1.219,1.016,2.833,2.191
2009-02-08,3.351,3.79,3.093,3.137,3.389,2.19,6.02,1.387,0.957,2.969,2.686
2009-02-15,3.561,3.441,3.597,4.784,3.691,2.4,5.631,1.332,1.023,2.993,3.023
2009-02-22,3.226,2.646,3.123,4.941,3.197,2.576,4.814,1.992,1.349,3.003,3.361
2009-03-01,3.035,1.947,3.758,4.644,3.04,2.449,3.918,1.969,1.311,2.602,3.201
2009-03-08,2.778,1.513,3.097,3.922,2.566,2.123,3.32,1.939,1.466,2.834,4.116
2009-03-15,2.285,1.235,3.407,2.965,2.056,2.142,2.1,1.651,1.223,2.246,3.911
2009-03-22,2.051,1.379,3.013,3.012,1.503,1.466,2.802,1.18,1.028,1.998,3.636
2009-03-29,1.676,0.733,2.381,2.745,1.076,1.194,2.154,0.911,0.834,1.816,2.457
2009-04-05,1.486,0.764,1.91,2.307,0.97,1.055,1.926,0.875,0.861,2.19,2.016
2009-04-12,1.447,0.624,1.593,2.49,0.981,0.99,2.3,0.727,0.583,1.555,1.992
2009-04-19,1.196,0.432,1.45,2.391,0.97,0.75,1.378,0.467,0.634,1.562,1.598
2009-04-26,1.867,0.885,2.196,2.061,1.244,1.263,3.009,0.567,0.558,3.551,2.649
2009-05-03,2.566,0.991,2.105,2.223,1.777,1.627,3.233,1.141,0.497,3.445,2.992
2009-05-10,2.11,1.115,2.034,1.863,1.54,1.385,3.26,0.817,1.117,2.483,2.912
2009-05-17,1.709,1.08,4.226,1.813,1.238,1.459,2.667,0.685,0.298,1.706,2.202
2009-05-24,1.852,0.713,5.012,1.688,0.882,1.145,2.134,0.644,0.746,1.996,2.355
2009-05-31,1.907,0.943,6.145,1.703,0.967,1.377,1.518,0.611,0.648,1.726,2.553
2009-06-07,1.637,1.289,4.522,1.997,0.829,1.24,1.217,0.324,1.062,1.953,2.334
2009-06-14,1.698,1.232,4.26,2.108,0.893,1.182,1.38,0.304,0.976,2.336,1.449
2009-06-21,1.704,1.595,4.772,2.191,1.007,0.999,1.084,0.248,0.862,1.832,1.64
2009-06-28,1.419,0.589,2.793,1.62,1.077,0.821,0.764,0.154,0.665,2.126,1.727
2009-07-05,1.404,0.701,2.281,1.478,1.289,0.702,1.108,0.497,0.837,2.301,1.455
2009-07-12,1.259,0.279,1.878,1.25,1.311,0.58,1.107,0.368,0.544,2.495,1.35
2009-07-19,1.237,0.387,1.566,1.224,1.247,0.67,1.114,0.405,0.458,2.808,0.51
2009-07-26,1.171,0.41,1.264,1.483,1.418,0.603,0.972,0.578,0.253,1.888,0.916
2009-08-02,1.135,0.212,1.391,1.367,1.449,0.679,1.044,0.331,0.329,2.029,0.758
2009-08-09,1.186,0.377,1.234,1.158,1.447,0.726,0.797,0.417,0.285,2.048,1.015
2009-08-16,1.176,0.19,1.08,1.14,1.8,0.709,0.961,0.771,0.307,2.081,0.802
2009-08-23,1.707,0.399,1.135,1.013,3.169,0.68,2.211,1.534,0.248,2.432,1.033
2009-08-30,2.927,0.586,1.701,1.812,5.436,1.148,4.12,4.307,0.613,2.245,3.153
2009-09-06,4.037,0.92,2.644,2.008,6.621,2.017,5.64,5.18,1.012,3.222,4.695
2009-09-13,4.356,1.015,3.625,3.082,6.298,2.615,6.463,4.609,1.294,3.301,3.649
2009-09-20,4.426,1.156,3.483,3.7,5.936,2.464,6.65,5.029,1.999,3.724,4.567
2009-09-27,4.444,1.667,2.763,3.904,6.189,2.127,8.568,4.305,2.904,4.297,5.296
2009-10-04,5.352,1.594,3.152,4.625,6.126,3.47,9.947,5.863,5.927,5.091,6.556
2009-10-11,6.717,1.95,2.535,6.215,5.705,4.938,12.312,7.538,7.221,5.999,7.645
2009-10-18,7.797,3.408,4.293,8.313,5.071,7.403,11.599,9.969,8.568,7.141,7.999
2009-10-25,7.354,5.054,6.117,8.992,4.425,8.597,9.616,8.745,6.691,5.627,7.307
2009-11-01,6.997,7.475,7.545,8.989,4.716,7.786,8.747,7.223,5.751,6.351,5.97
2009-11-08,5.53,7.4,6.775,6.158,3.862,5.697,5.554,4.92,4.526,5.648,4.223
2009-11-15,4.11,5.302,5.394,4.817,3.16,4.032,5.724,4.11,2.553,5.045,3.5
2009-11-22,3.524,3.887,4.673,3.529,2.95,2.816,5.584,2.836,2.485,4.453,3.031
2009-11-29,3.077,2.107,3.929,2.986,2.697,2.269,4.33,2.713,1.676,4.664,2.077
2009-12-06,2.389,1.709,2.819,2.047,2.554,1.528,3.561,2.187,1.395,3.851,1.399
2009-12-13,2.484,1.363,2.883,2.261,2.168,1.937,3.594,2.319,1.377,3.772,1.539
2009-12-20,2.659,1.083,2.713,2.3,2.504,1.666,5.02,2.105,1.282,4.363,1.101
2009-12-27,2.815,1.369,2.681,3.285,2.48,2.077,4.27,2.235,1.407,4.349,2.138
2010-01-03,2.255,0.915,2.158,2.115,1.972,1.603,3.304,1.303,1.023,4.106,1.83
2010-01-10,1.668,0.784,1.617,1.92,1.41,1.197,2.588,1.521,0.779,2.419,1.148
2010-01-17,1.911,0.635,1.534,1.763,1.911,1.253,3.399,1.428,1.017,2.842,1.329
2010-01-24,2.03,0.818,1.949,1.838,1.995,1.382,2.874,1.727,0.873,3.119,1.204
2010-01-31,2.01,0.914,1.655,1.711,1.858,1.313,3.005,1.807,1.352,3.458,1.856
2010-02-07,2.153,0.886,1.834,1.974,2.173,1.362,3.355,2.062,1.54,3.36,1.55
2010-02-14,2.149,0.852,1.742,1.765,1.978,1.48,2.952,1.926,1.054,3.629,1.617
2010-02-21,1.834,0.903,1.52,1.427,1.871,1.315,2.721,2.123,1.147,2.595,1.624
2010-02-28,1.888,0.766,1.514,1.546,1.973,1.009,2.901,1.67,1.159,2.991,1.289
2010-03-07,1.856,0.661,1.213,1.59,1.847,1.06,2.524,1.945,1.172,3.141,1.457
2010-03-14,1.78,0.752,1.27,1.619,1.889,0.881,2.458,1.377,0.985,3.042,0.997
2010-03-21,1.587,0.488,1.319,1.375,1.581,0.843,1.927,1.732,0.86,2.932,0.96
2010-03-28,1.417,0.474,1.414,1.385,1.423,0.745,1.733,1.102,0.817,2.631,0.878
2010-04-04,1.353,0.542,1.189,1.211,1.296,0.686,1.589,1.126,0.708,2.667,0.643
2010-04-11,1.134,0.576,1.085,1.186,1.107,0.572,1.19,0.822,0.703,2.182,0.76
2010-04-18,1.113,0.472,1.131,0.941,1.041,0.694,1.634,0.767,0.697,1.881,0.474
2010-04-25,1.089,0.44,1.113,1.169,1.076,0.554,1.359,0.667,0.602,1.891,0.499
2010-05-02,1.083,0.35,0.972,1.105,0.989,0.587,1.473,0.706,0.739,1.991,0.685
2010-05-09,1.088,0.55,1.196,1.325,0.979,0.588,1.287,0.667,0.44,1.768,0.505
2010-05-16,1.105,0.341,0.97,1.077,1.07,0.58,1.312,0.987,0.544,2.105,0.335
2010-05-23,1.049,0.388,1.063,1.092,0.914,0.604,1.239,0.683,0.613,1.945,0.554
2010-05-30,1.125,0.516,0.976,1.067,1.053,0.601,1.2,0.793,0.642,2.269,0.464
2010-06-06,1.082,0.522,0.813,1.104,0.918,0.654,1.318,0.474,0.352,2.487,0.499
2010-06-13,0.952,0.409,0.939,0.978,0.811,0.615,0.822,0.437,0.453,2.222,0.242
2010-06-20,0.924,0.477,0.87,0.989,0.728,0.651,0.846,0.397,0.253,2.035,0.398
2010-06-27,0.995,0.438,0.949,0.895,0.787,0.676,1.017,0.337,0.274,2.19,0.481
2010-07-04,0.902,0.359,0.929,0.909,0.797,0.515,0.949,0.514,0.333,1.81,0.354
2010-07-11,0.898,0.414,0.998,0.908,0.693,0.643,0.845,0.287,0.378,1.916,0.428
2010-07-18,0.826,0.305,0.901,0.675,0.613,0.581,0.972,0.474,0.286,1.836,0.297
2010-07-25,0.861,0.378,0.835,1.014,0.617,0.495,0.909,0.333,0.231,1.849,0.479
2010-08-01,0.837,0.427,0.792,0.799,0.603,0.449,0.73,0.981,0.266,1.932,0.524
2010-08-08,0.845,0.315,0.981,0.907,0.639,0.513,0.714,0.562,0.275,1.828,0.464
2010-08-15,0.863,0.483,0.953,0.771,0.763,0.616,0.544,0.285,0.225,1.946,0.225
2010-08-22,0.921,0.305,0.985,0.946,0.763,0.552,0.892,0.573,0.39,1.988,0.301
2010-08-29,0.813,0.3,0.96,0.884,0.904,0.594,0.885,0.584,0.22,1.321,0.355
2010-09-05,1.022,0.253,0.81,1.177,1.056,0.699,1.483,0.569,0.33,1.813,0.551
2010-09-12,1.108,0.518,1.012,1.336,1.022,0.702,1.374,0.806,0.664,1.629,0.771
2010-09-19,1.082,0.393,1.037,1.191,0.831,0.821,1.333,0.58,0.514,2.083,0.846
2010-09-26,1.152,0.488,1.03,1.303,1.004,0.632,1.325,1.121,0.566,2.488,0.32
2010-10-03,1.205,0.403,1.285,1.241,1.065,0.726,1.223,0.886,0.796,2.156,0.419
2010-10-10,1.163,0.449,1.249,1.111,1.02,0.688,1.955,1.172,0.611,1.948,0.63
2010-10-17,1.294,0.664,1.401,1.211,1.134,0.876,2.045,1.073,0.753,1.88,1.09
2010-10-24,1.294,0.615,1.324,1.27,1.085,0.84,2.014,1.048,0.574,2.181,0.978
2010-10-31,1.339,0.64,1.418,1.151,1.279,0.962,2.285,0.887,0.78,2.073,0.806
2010-11-07,1.486,0.627,1.268,1.275,1.585,1.096,2.492,0.793,0.725,1.999,0.889
2010-11-14,1.588,0.571,1.504,1.356,1.657,1.057,2.425,1.33,0.758,2.5,1.23
2010-11-21,1.704,0.75,1.482,1.361,2.009,0.952,2.388,1.03,0.717,2.628,1.104
2010-11-28,1.883,0.835,1.872,1.534,2.134,1.026,2.703,1.035,0.804,2.866,1.573
2010-12-05,1.794,0.807,2.236,1.547,2.12,1.058,2.383,1.453,0.758,2.529,1.202
2010-12-12,2.162,0.823,2.74,1.655,2.944,1.027,2.733,1.601,0.953,3.241,1.193
2010-12-19,2.869,0.957,3.85,1.869,4.316,1.368,3.914,1.951,0.999,3.856,0.714
2010-12-26,3.439,1.362,4.142,2.743,4.411,1.713,4.088,2.373,1.061,4.9,2.054
2011-01-02,2.89,1.055,3.912,2.677,3.538,1.596,3.301,1.749,0.958,3.971,1.875
2011-01-09,2.304,0.877,3.269,1.975,2.589,1.472,3.652,1.678,0.863,3.147,1.797
2011-01-16,3.261,1.297,3.744,2.868,3.985,2.176,5.042,1.844,1.266,3.61,1.321
2011-01-23,3.945,1.249,3.727,3.389,5.044,3.051,6.681,2.943,1.675,3.869,1.728
2011-01-30,4.432,1.708,3.654,3.946,5.511,3.557,7.55,3.377,1.656,4.434,2.637
2011-02-06,4.606,2.054,4.604,4.614,5.454,3.77,6.674,4.402,2.294,4.324,2.612
2011-02-13,4.57,1.891,4.134,4.359,5.111,3.386,8.292,4.041,2.743,4.583,2.95
2011-02-20,4.08,2.143,3.849,3.339,3.984,3.049,6.449,3.956,2.352,4.267,3.459
2011-02-27,3.523,1.953,3.588,3.049,2.849,2.673,4.909,4.477,2.388,3.932,3.365
2011-03-06,2.966,1.663,2.97,2.742,2.259,2.693,4.025,2.762,1.869,3.995,2.727
2011-03-13,2.653,1.451,3.137,2.398,2.176,2.238,2.973,2.844,1.917,3.599,2.474
2011-03-20,2.18,1.117,2.692,1.745,1.511,1.94,2.562,1.672,1.414,3.328,2.606
2011-03-27,1.894,0.969,2.613,1.544,1.458,1.351,2.447,1.434,1.149,3.004,2.409
2011-04-03,1.625,0.996,2.404,1.43,1.357,1.313,1.859,1.188,0.984,2.301,1.1
2011-04-10,1.451,0.829,2.267,1.299,1.143,1.058,1.748,0.801,0.8,2.368,1.239
2011-04-17,1.293,0.722,1.924,1.261,1.002,0.77,1.363,0.985,0.578,2.031,1.061
2011-04-24,1.321,0.715,2.011,1.179,1.085,0.806,1.392,0.69,0.621,2.135,1.204
2011-05-01,1.114,0.57,1.693,0.962,1.024,0.701,1.271,0.562,0.536,1.857,0.943
2011-05-08,1.089,0.596,1.516,0.933,1.008,0.725,1.5,0.465,0.435,1.744,0.902
2011-05-15,1.108,0.495,1.735,0.952,0.866,0.727,1.349,0.501,0.435,1.946,0.7
2011-05-22,1.044,0.409,1.499,0.967,0.928,0.76,1.086,0.526,0.52,1.738,0.701
2011-05-29,1.076,0.58,1.797,0.847,0.914,0.678,1.213,0.484,0.354,1.876,0.677
2011-06-05,1.083,0.515,1.733,1.015,0.874,0.736,1.129,0.158,0.369,2.09,0.651
2011-06-12,0.924,0.48,1.251,1.044,0.791,0.598,0.932,0.196,0.293,1.888,0.563
2011-06-19,0.851,0.525,1.334,0.928,0.739,0.418,1.085,0.043,0.273,1.449,0.571
2011-06-26,0.789,0.415,1.056,0.846,0.71,0.535,0.936,0.155,0.21,1.359,0.429
2011-07-03,0.825,0.448,0.614,0.811,0.802,0.704,1.175,0.141,0.286,1.319,0.373
2011-07-10,0.79,0.398,0.435,1.149,0.785,0.684,0.839,0.127,0.263,1.381,0.288
2011-07-17,0.648,0.394,0.388,0.631,0.6,0.363,0.902,0.051,0.275,1.351,0.364
2011-07-24,0.608,0.401,0.297,0.794,0.653,0.428,0.704,0.17,0.363,1.157,0.252
2011-07-31,0.654,0.429,0.381,0.948,0.585,0.489,0.888,0.114,0.323,1.125,0.405
2011-08-07,0.517,0.387,0.411,0.784,0.532,0.598,0.778,0.145,0.245,0.543,0.09
2011-08-14,0.685,0.421,0.473,0.65,0.765,0.541,0.941,0.119,0.337,1.129,0.213
2011-08-21,0.722,0.428,0.344,0.734,0.887,0.475,1.044,0.091,0.284,1.126,0.274
2011-08-28,0.783,0.337,0.455,0.9,0.83,0.695,1.078,0.181,0.333,1.11,0.232
2011-09-04,0.927,0.456,0.494,0.916,1.044,0.681,1.551,0.251,0.505,1.474,0.342
2011-09-11,0.992,0.501,0.439,0.909,1.128,0.662,1.661,0.567,0.458,1.513,0.468
2011-09-18,1.093,0.541,0.512,1.087,1.208,0.783,1.791,0.858,0.449,1.599,0.757
2011-09-25,1.131,0.444,0.555,1.335,1.195,0.859,1.46,0.653,0.716,1.643,0.582
2011-10-02,1.142,0.462,0.745,1.312,1.202,1.083,1.798,0.464,0.839,1.595,0.408
2011-10-09,1.223,0.59,1.002,1.183,1.206,1.012,1.77,0.735,1.038,1.698,0.755
2011-10-16,1.277,0.747,1.148,1.267,1.222,0.929,1.918,0.943,0.863,1.759,0.617
2011-10-23,1.307,0.705,0.929,1.162,1.331,1.029,1.859,0.862,0.805,1.946,0.709
2011-10-30,1.406,0.74,1.012,1.355,1.358,1.133,2.107,1.005,0.964,2.149,0.918
2011-11-06,1.442,0.724,1.144,1.275,1.593,1.109,2.115,1.21,0.961,2.181,0.625
2011-11-13,1.445,0.684,1.13,1.422,1.519,1.051,2.184,1.055,0.828,1.987,0.851
2011-11-20,1.522,0.546,1.099,1.477,1.489,1.123,2.07,0.858,1.092,2.4,1.079
2011-11-27,1.616,0.765,1.57,1.563,1.739,1.255,2.484,0.88,1.194,2.373,0.805
2011-12-04,1.367,0.686,1.357,1.586,1.388,1.117,2.093,1.054,0.911,1.53,0.901
2011-12-11,1.612,0.747,1.415,1.556,1.82,1.027,2.181,1.153,1.033,2.521,1.041
2011-12-18,1.879,0.911,1.543,1.641,1.964,1.32,2.458,1.756,1.17,3.03,0.882
2011-12-25,2.127,1.045,1.339,2.079,2.151,1.7,2.684,1.444,1.336,3.68,1.392
2012-01-01,1.879,1.01,1.214,2.179,2,1.346,2.13,1.687,0.779,3.45,1.108
2012-01-08,1.567,0.835,1.204,1.544,1.457,1.071,2.002,1.423,1.091,2.337,1.123
2012-01-15,1.623,0.828,1.195,1.556,1.633,1.299,2.094,1.676,1.122,2.761,0.803
2012-01-22,1.779,0.821,1.138,1.68,1.843,1.272,2.503,1.786,1.285,2.719,1.29
2012-01-29,1.841,0.954,1.149,1.514,1.87,1.423,2.607,2.134,1.379,2.935,1.285
2012-02-05,1.989,0.78,1.27,1.638,1.82,1.629,2.646,2.596,1.655,3.475,1.287
2012-02-12,2.036,0.937,1.01,1.801,2.1,1.384,2.957,3.22,1.55,3.079,1.285
2012-02-19,2.163,0.925,1.292,1.69,2.018,1.704,3.057,3.21,1.735,3.034,1.541
2012-02-26,2.171,0.831,1.122,1.407,1.857,1.78,3.144,3.082,1.887,3.204,1.303
2012-03-04,2.26,0.835,1.276,2.077,2.158,2.006,3.48,3.092,1.652,3.037,1.747
2012-03-11,2.155,0.787,1.288,1.429,2.158,2.218,3.344,2.732,1.876,2.602,1.707
2012-03-18,2.076,0.766,1.271,1.588,1.786,1.894,3.124,1.443,1.62,2.624,1.384
2012-03-25,1.722,0.71,0.908,1.29,1.627,1.42,2.604,1.328,1.362,2.266,2.191
2012-04-01,1.683,0.7,1.167,1.402,1.546,1.228,2.277,0.998,1.268,2.999,1.457
2012-04-08,1.562,0.743,1.23,1.176,1.41,1.291,2.036,0.696,1.015,2.467,1.279
2012-04-15,1.428,0.849,1,1.132,1.259,1.024,1.792,0.693,0.939,2.4,1.824
2012-04-22,1.27,0.558,1.042,1.052,1.336,1.038,1.949,0.621,0.778,1.717,1.121
2012-04-29,1.223,0.55,0.891,1.015,1.294,0.91,1.795,0.694,0.867,1.794,1.359
2012-05-06,1.36,0.499,1.043,1.336,1.402,0.909,1.851,0.737,0.737,1.984,1.482
2012-05-13,1.318,0.531,0.824,1.421,1.332,0.921,1.852,0.615,0.734,1.967,1.028
2012-05-20,1.172,0.465,0.928,0.911,1.391,0.802,1.786,0.481,0.836,1.734,0.848
2012-05-27,1.213,0.525,0.568,1.07,1.464,0.62,1.925,0.482,0.563,2.025,0.59
2012-06-03,1.155,0.61,0.706,0.739,1.489,0.669,1.922,0.14,0.704,1.936,0.789
2012-06-10,1.07,0.424,0.553,1.275,1.463,0.595,1.391,0.106,0.654,1.821,0.389
2012-06-17,1.043,0.537,0.551,1.625,1.362,0.519,1.215,0.107,0.461,1.392,0.578
2012-06-24,1.035,0.479,0.5,2,1.023,0.552,1.454,0.044,0.471,1.578,0.389
2012-07-01,1.115,0.569,0.567,1.648,1.118,0.552,2.229,0.124,0.554,1.579,0.475
2012-07-08,1.068,0.59,0.535,1.71,1.112,0.66,1.36,0.115,0.379,1.604,0.325
2012-07-15,0.952,0.504,0.502,1.694,0.976,0.65,1.232,0.157,0.486,1.384,0.278
2012-07-22,0.901,0.533,0.453,1.93,0.953,0.428,1.212,0.131,0.476,1.427,0.451
2012-07-29,0.915,0.434,0.418,1.705,1.007,0.63,1.176,0.139,0.422,1.34,0.223
2012-08-05,0.993,0.437,0.452,1.625,0.936,0.72,1.329,0.221,0.488,1.502,0.367
2012-08-12,0.945,0.64,0.343,1.742,0.961,0.653,1.344,0.116,0.511,1.452,0.328
2012-08-19,0.899,0.418,0.416,1.638,1.016,0.537,1.242,0.272,0.541,1.258,0.369
2012-08-26,1.114,0.5,0.495,1.809,1.234,0.63,1.604,0.297,0.532,1.675,0.379
2012-09-02,1.22,0.449,0.572,1.788,1.339,0.743,1.579,0.544,0.614,1.88,0.312
2012-09-09,1.274,0.532,0.626,1.955,1.175,0.794,1.792,0.867,0.675,2.18,0.483
2012-09-16,1.305,0.523,0.686,1.712,1.259,0.786,2.025,0.955,0.753,2.083,0.736
2012-09-23,1.296,0.589,0.763,1.339,1.435,0.843,1.8,0.757,0.611,2.347,0.582
2012-09-30,1.376,0.565,0.933,1.438,1.536,0.923,1.921,1.1,0.948,2.007,0.608
2012-10-07,1.247,0.622,1.012,1.145,1.159,1.169,2.001,1.049,0.801,1.886,0.741
2012-10-14,1.376,0.568,1.233,1.127,1.202,0.921,2.381,1.139,0.854,2.135,0.788
2012-10-21,1.363,0.75,1.395,1.157,1.264,1.029,1.918,1.372,0.863,2.013,0.633
2012-10-28,1.444,0.606,1.241,1.052,1.387,0.983,2.574,1.285,0.824,2.235,0.934
2012-11-04,1.566,0.674,1.244,1.316,1.62,1.105,2.729,1.509,0.85,2.005,0.779
2012-11-11,1.813,0.675,1.391,1.585,1.893,1.267,3.118,1.711,1.029,2.513,1.174
2012-11-18,1.994,0.763,1.48,1.368,2.541,1.264,3.356,2.183,1.1,2.312,1.161
2012-11-25,2.455,1.052,1.906,1.898,3.011,1.733,4.362,2.483,1.497,2.418,1.163
2012-12-02,2.416,1.014,2.428,1.882,3.455,1.829,3.933,2.122,1.457,2.134,0.791
2012-12-09,3.26,1.6,2.599,2.817,4.512,2.467,4.99,2.725,2.008,2.586,1.659
2012-12-16,4.248,2.113,3.649,4.28,5.282,4.122,6.96,3.94,2.773,3.212,1.83
2012-12-23,5.25,3.408,4.4,6.01,5.484,5.321,8.396,5.309,3.757,3.573,2.202
2012-12-30,5.641,3.223,4.565,5.631,5.158,4.931,7.847,5.329,3.438,4.756,2.696
2013-01-06,3.741,2.879,4.219,4.323,3.299,3.445,6.814,4.643,3.231,2.604,2.654
2013-01-13,4.673,3.163,4.935,4.872,3.203,3.893,7.518,5.329,3.853,4.052,2.926
2013-01-20,4.681,2.522,4.745,4.332,3.258,3.437,7.447,5.603,3.926,5.537,3.45
2013-01-27,3.897,2.624,4.085,3.667,2.474,3.408,6.526,5.338,3.757,4.972,3.191
2013-02-03,3.393,1.959,4.364,3.065,2.373,2.725,5.288,5.223,3.398,5.237,2.739
2013-02-10,2.951,1.744,3.276,2.511,2.148,2.475,4.278,3.584,2.522,4.285,2.328
2013-02-17,2.771,1.547,3.592,2.674,1.973,2.291,3.414,2.845,2.362,4.619,1.573
2013-02-24,2.435,1.251,2.879,2.628,1.867,2.115,3.002,2.846,2.125,3.399,2.011
2013-03-03,2.338,1.311,2.779,2.477,1.953,1.972,2.99,2.053,1.779,3.263,1.303
2013-03-10,2.443,1.117,2.958,3.02,2.047,1.936,2.887,1.956,1.674,3.156,0.924
2013-03-17,2.15,1.212,2.477,2.23,1.799,1.854,2.676,1.614,1.557,2.849,0.906
2013-03-24,1.925,1.258,2.435,2.112,1.632,1.608,2.244,1.128,1.062,2.683,0.665
2013-03-31,1.658,1.074,1.957,2.004,1.509,1.384,2.226,1.314,1.183,2.232,0.524
2013-04-07,1.466,1.04,1.607,1.43,1.298,1.121,2.073,0.83,0.905,2.094,0.671
2013-04-14,1.253,0.943,1.321,1.204,0.97,1.055,1.642,0.919,0.832,1.643,0.602
2013-04-21,1.254,0.933,1.428,1.155,0.932,1.113,1.994,0.88,0.937,1.779,0.311
2013-04-28,1.104,0.738,1.32,1.075,0.849,0.865,1.682,0.871,0.932,1.545,0.436
2013-05-05,1.046,0.783,1.379,1.052,0.64,0.737,1.637,0.903,0.886,1.407,0.268
2013-05-12,1.054,0.461,1.226,1.232,0.687,0.835,1.58,0.542,0.815,1.557,0.182
2013-05-19,1.014,0.616,1.261,1.078,0.747,0.795,1.462,0.542,0.69,1.496,0.373
2013-05-26,1.048,0.598,1.225,1.077,0.809,0.87,1.55,0.78,0.682,1.572,0.437
2013-06-02,0.965,0.512,1.272,1.166,0.549,0.867,1.451,0.566,0.734,1.285,0.17
2013-06-09,0.878,0.41,1.14,1.076,0.577,0.847,1.232,0.178,0.72,1.496,0.207
2013-06-16,0.886,0.516,1.222,1.129,0.481,0.829,1.124,0.138,0.573,1.265,0.418
2013-06-23,0.866,0.385,0.92,0.821,0.488,0.772,1.627,0.231,0.556,1.285,0.155
2013-06-30,0.835,0.413,1.055,0.822,0.461,0.798,1.567,0.188,0.614,1.196,0.362
2013-07-07,0.827,0.406,0.802,0.821,0.626,0.813,1.336,0.065,0.547,1.151,0.059
2013-07-14,0.706,0.348,0.882,0.563,0.342,0.712,1.362,0.082,0.499,1.093,0.287
2013-07-21,0.718,0.389,0.847,0.703,0.34,0.658,1.401,0.161,0.553,1.126,0.175
2013-07-28,0.754,0.334,0.845,0.684,0.576,0.583,1.112,0.158,0.654,1.193,0.234
2013-08-04,0.722,0.306,0.931,0.781,0.392,0.708,1.374,0.122,0.494,0.95,0.19
2013-08-11,0.785,0.405,0.991,0.678,0.515,0.569,1.341,0.566,0.538,1.186,0.326
2013-08-18,0.812,0.373,0.791,0.722,0.607,0.728,1.367,0.659,0.467,1.201,0.116
2013-08-25,0.828,0.354,0.849,0.971,0.741,0.72,1.526,0.475,0.549,1.057,0.146
2013-09-01,1.004,0.407,0.833,0.991,0.744,0.772,1.908,0.327,0.666,1.409,0.135
2013-09-08,1.083,0.324,0.831,0.968,0.724,0.784,2.419,0.7,0.627,1.593,0.188
2013-09-15,1.12,0.473,0.806,1.2,0.728,0.894,2.443,0.837,0.46,1.456,0.277
2013-09-22,1.154,0.455,0.854,1.25,0.763,0.91,2.518,0.806,0.411,1.8,0.383
2013-09-29,1.323,1.029,1.077,1.232,1.014,0.945,2.403,0.943,0.805,1.627,0.531
2013-10-06,1.193,0.585,1.538,0.981,1.107,0.997,2.353,0.705,0.647,1.468,0.436
2013-10-13,1.304,0.715,1.746,1.116,0.994,0.993,2.309,0.937,0.805,1.727,0.35
2013-10-20,1.358,0.811,1.989,1.185,1.022,1.058,2.583,0.674,0.697,1.688,0.59
2013-10-27,1.467,0.913,1.665,1.081,1.428,1.191,2.542,0.899,0.825,1.644,0.523
2013-11-03,1.524,0.812,2.021,1.232,1.42,1.245,2.701,0.825,0.733,1.9,0.572
2013-11-10,1.619,1.011,1.885,1.188,1.547,1.188,3.09,1.005,0.807,1.977,0.43
2013-11-17,1.724,0.867,1.717,1.342,1.662,1.283,3.462,0.991,0.883,2.257,0.651
2013-11-24,1.685,0.702,1.809,1.216,1.694,1.119,3.867,1.126,0.948,1.887,0.411
2013-12-01,2.395,1.027,2.259,1.706,2.533,1.814,4.492,1.095,1.072,2.575,0.897
2013-12-08,2.407,0.943,2.05,1.568,2.463,1.756,5.478,1.633,1.541,2.354,0.722
2013-12-15,3.116,1.207,2.404,2.114,3.168,2.346,7.824,2.349,2.138,3.152,1.445
2013-12-22,4.024,1.775,2.769,2.978,3.794,2.91,8.853,3.822,2.858,3.894,2.541
2013-12-29,4.394,1.369,2.652,3.242,3.95,3.569,8.854,3.713,2.802,4.629,2.924
2014-01-05,3.766,1.466,3.052,3.158,3.135,2.87,6.98,2.959,2.307,3.609,3.3
2014-01-12,3.5,1.656,2.966,3.304,3.042,2.552,6.519,3.165,2.485,3.91,3.325
2014-01-19,3.387,1.525,3.062,3.34,2.787,2.623,6.139,3.569,2.375,4.89,2.846
2014-01-26,3.239,2.04,2.914,3.289,3.061,2.453,4.937,3.104,2.053,4.364,2.177
2014-02-02,2.905,2.159,3.348,3.088,2.526,2.175,4.585,2.441,1.71,3.704,1.791
2014-02-09,2.587,2.033,3.144,2.673,1.902,1.841,4.384,1.889,1.753,3.499,1.563
2014-02-16,2.269,1.673,3.097,2.167,1.833,1.946,3.584,1.547,1.465,2.924,1.193
2014-02-23,2.074,1.564,2.136,2.01,1.467,1.882,3.373,1.367,1.427,2.714,1.303
2014-03-02,1.965,1.441,2.381,1.995,1.262,1.769,3.305,1.059,1.233,2.801,0.627
2014-03-09,1.903,1.485,2.269,1.775,1.143,1.734,3.267,0.966,1.351,2.511,0.633
2014-03-16,1.674,1.247,2.546,1.39,1.108,1.436,2.846,1.228,1.015,2.064,0.542
2014-03-23,1.756,1.647,3,1.688,0.967,1.446,2.696,0.709,0.825,2.173,0.774
2014-03-30,1.655,1.518,2.999,1.605,0.891,1.455,2.649,0.905,0.9,1.625,0.628
2014-04-06,1.709,1.71,3.003,1.799,0.802,1.361,2.498,0.824,0.813,1.87,0.822
2014-04-13,1.508,1.669,2.538,1.448,0.702,1.172,2.621,0.436,0.724,1.525,0.534
2014-04-20,1.481,1.433,2.328,1.29,0.817,1.178,2.706,0.507,0.78,1.777,0.734
2014-04-27,1.339,1.271,1.931,1.126,0.792,1.151,2.267,0.65,0.932,1.694,0.759
2014-05-04,1.233,1.048,1.835,1.149,0.687,1.134,1.941,0.541,0.631,1.451,0.634
2014-05-11,1.33,1.13,2.097,1.17,0.782,1.149,2.102,0.544,0.633,1.661,0.542
2014-05-18,1.303,0.852,2.14,1.174,0.706,1.131,2.079,0.471,0.704,1.709,0.593
2014-05-25,1.364,0.537,1.795,1.182,0.781,1.163,2.384,0.392,0.593,2.142,0.674
2014-06-01,1.06,0.451,1.865,1.101,0.645,0.693,1.94,0.583,0.378,1.567,0.376
2014-06-08,1.142,0.501,2.212,0.982,0.738,0.731,1.808,0.135,0.453,1.744,0.43
2014-06-15,1.117,0.534,2.232,0.872,0.649,0.854,1.569,0.18,0.552,1.678,0.26
2014-06-22,1.025,0.39,1.842,1.032,0.613,0.714,1.628,0.187,0.359,1.462,0.223
2014-06-29,1.097,0.458,1.99,0.835,0.547,0.747,2.315,0.168,0.538,1.5,0.242
2014-07-06,0.908,0.444,1.303,0.869,0.544,0.649,1.495,0.17,0.603,1.335,0.614
2014-07-13,0.924,0.347,1.843,1.034,0.494,0.551,1.413,0.25,0.409,1.51,0.173
2014-07-20,0.957,0.431,2.225,0.765,0.556,0.491,1.434,0.153,0.456,1.181,-0.019
2014-07-27,0.793,0.352,1.624,0.686,0.541,0.451,1.048,0.299,0.447,1.19,0.24
2014-08-03,0.825,0.362,1.816,0.717,0.567,0.608,1.407,0.315,0.409,1.156,0.376
2014-08-10,0.761,0.411,1.132,0.615,0.579,0.634,1.272,0.249,0.417,1,0.556
2014-08-17,0.809,0.403,1.1,0.922,0.577,0.587,1.379,0.296,0.685,1.198,0.089
2014-08-24,0.827,0.326,1.303,0.687,0.648,0.644,1.287,0.298,0.42,1.128,0.007
2014-08-31,0.948,0.418,1.488,0.736,0.724,0.66,1.524,0.362,0.651,1.365,0.278
2014-09-07,1.097,0.541,1.631,1.066,0.753,0.785,1.981,0.266,0.452,1.762,0.22
2014-09-14,1.228,0.507,1.881,1.157,0.768,0.864,1.9,0.592,0.839,1.469,0.476
2014-09-21,1.164,0.615,1.712,1.212,0.906,0.95,2.037,0.596,0.653,1.444,0.427
2014-09-28,1.193,0.761,1.901,1.311,0.935,0.856,1.798,0.611,0.732,1.408,0.463
2014-10-05,1.291,0.97,2.031,1.214,0.97,0.79,1.848,0.66,0.64,1.654,0.393
2014-10-12,1.352,1.119,1.881,1.082,1.185,0.759,2.015,1.016,0.884,1.835,0.91
2014-10-19,1.349,0.953,2.503,1.166,0.95,0.842,2.035,1.018,0.513,1.673,0.667
